Accuracy: 0.70772238514174
Precision: 0.6729048006509357
Recall: 0.8084066471163245
F1: 0.7344582593250444
AUC: 0.7786606964546612
AP: 0.7216630275632389
Threshold: 0.40000000000000013
