Accuracy: 0.5609302325581396
Precision: 0.5353862776877364
Recall: 0.9218604651162791
F1: 0.6773752563226247
AUC: 0.6769808545159546
AP: 0.6976826521942778
Threshold: 0.30000000000000004
