Accuracy: 0.503
Precision: 0.5015045135406219
Recall: 1.0
F1: 0.6680026720106881
F2: 0.8341675008341675
AUC: 0.7031639999999999
AP: 0.7205697539124085
Threshold: 0.1
