Accuracy: 0.5609302325581396
Precision: 0.5353862776877364
Recall: 0.9218604651162791
F1: 0.6773752563226247
AUC: 0.6768666306111412
AP: 0.6976781835331041
Threshold: 0.30000000000000004
