Accuracy: 0.7116279069767442
Precision: 0.6812749003984063
Recall: 0.7953488372093023
F1: 0.7339055793991416
AUC: 0.7954258518117902
AP: 0.7889567873487291
Threshold: 0.40000000000000013
