Accuracy: 0.5830152671755725
Precision: 0.5462765957446809
Recall: 0.9799618320610687
F1: 0.7015027322404371
F2: 0.8456851119894598
AUC: 0.8100471272070392
AP: 0.7969788009323026
Threshold: 0.15000000000000002
