Accuracy: 0.5780952380952381
Precision: 0.5432946145723336
Recall: 0.98
F1: 0.6990489130434783
F2: 0.8442730554643912
AUC: 0.7791555555555555
AP: 0.7132240361853802
Threshold: 0.20000000000000004
