Accuracy: 0.5028571428571429
Precision: 0.501434034416826
Recall: 0.9990476190476191
F1: 0.6677275620623806
F2: 0.8335982199618563
AUC: 0.6967546485260769
AP: 0.7117772381437603
Threshold: 0.1
