Accuracy: 0.5162213740458015
Precision: 0.5082684824902723
Recall: 0.9971374045801527
F1: 0.6733247422680413
F2: 0.8362676056338029
AUC: 0.6940346206514773
AP: 0.7176171621869971
Threshold: 0.15000000000000002
