Accuracy: 0.7358139534883721
Precision: 0.7069387755102041
Recall: 0.8055813953488372
F1: 0.7530434782608696
AUC: 0.8153215792320174
AP: 0.8168761691244664
Threshold: 0.40000000000000013
