Accuracy: 0.6172839506172839
Precision: 0.6193236714975845
Recall: 0.6087369420702754
F1: 0.6139846743295019
AUC: 0.659324554544561
AP: 0.6444408201628274
