Accuracy: 0.683
Precision: 0.6182170542635659
Recall: 0.957
F1: 0.7511773940345369
F2: 0.8624729632299928
AUC: 0.8463529999999999
AP: 0.8367505449423112
Threshold: 0.25000000000000006
