Accuracy: 0.7162790697674418
Precision: 0.7070347284060552
Recall: 0.7386046511627907
F1: 0.7224749772520473
AUC: 0.7730007571660358
AP: 0.7311289071764291
Threshold: 0.4500000000000001
