Accuracy: 0.6767441860465117
Precision: 0.6559934318555009
Recall: 0.7432558139534884
F1: 0.6969036197121675
AUC: 0.7298877230935641
AP: 0.7176605811901856
Threshold: 0.40000000000000013
