Accuracy: 0.5415076335877863
Precision: 0.5219586067642604
Recall: 0.9866412213740458
F1: 0.6827335754374381
F2: 0.8375182245261623
AUC: 0.7796193039449915
AP: 0.7548617827684259
Threshold: 0.15000000000000002
