Accuracy: 0.5767350928641252
Precision: 0.545826036193812
Recall: 0.9139784946236559
F1: 0.6834795321637427
AUC: 0.6982224095080022
AP: 0.7193221554754414
Threshold: 0.30000000000000004
