Accuracy: 0.6415
Precision: 0.5872917951881554
Recall: 0.952
F1: 0.726440289965662
F2: 0.8468244084682441
AUC: 0.7987169999999999
AP: 0.7476679350703184
Threshold: 0.25000000000000006
