Accuracy: 0.5842857142857143
Precision: 0.5471497069792222
Recall: 0.9780952380952381
F1: 0.7017423983600957
F2: 0.8449893039328616
AUC: 0.7966911564625849
AP: 0.7872944197245821
Threshold: 0.15000000000000002
