Accuracy: 0.6343779677113011
Precision: 0.6356663470757431
Recall: 0.6296296296296297
F1: 0.6326335877862596
AUC: 0.6987704825628218
AP: 0.7179207038081642
