Accuracy: 0.5009523809523809
Precision: 0.5004770992366412
Recall: 0.9990476190476191
F1: 0.6668785759694851
F2: 0.8330686149936467
AUC: 0.6660725623582766
AP: 0.6561665895810325
Threshold: 0.15000000000000002
