Accuracy: 0.5958969465648855
Precision: 0.5538873994638069
Recall: 0.9856870229007634
F1: 0.7092344661860625
F2: 0.8527323757635793
AUC: 0.8250202129829265
AP: 0.8224970965664843
Threshold: 0.15000000000000002
