Accuracy: 0.5768129770992366
Precision: 0.5423461336138874
Recall: 0.9837786259541985
F1: 0.6992200746015599
F2: 0.8460528475299524
AUC: 0.8119764655323116
AP: 0.8061091465251276
Threshold: 0.15000000000000002
