Accuracy: 0.566046511627907
Precision: 0.5394444444444444
Recall: 0.9032558139534884
F1: 0.6754782608695652
AUC: 0.6501174689021092
AP: 0.6459737930404728
Threshold: 0.3500000000000001
