Accuracy: 0.5162213740458015
Precision: 0.5082684824902723
Recall: 0.9971374045801527
F1: 0.6733247422680413
F2: 0.8362676056338029
AUC: 0.6941466115028263
AP: 0.7177031884462597
Threshold: 0.15000000000000002
