Accuracy: 0.5
Precision: 0.5
Recall: 1.0
F1: 0.6666666666666666
F2: 0.8333333333333334
AUC: 0.7222727040964979
AP: 0.701501013479811
Threshold: 0.1
