Accuracy: 0.5033333333333333
Precision: 0.5016738402678145
Recall: 0.9990476190476191
F1: 0.6679401464501751
F2: 0.8337307264345891
AUC: 0.6648789115646259
AP: 0.6562604978948016
Threshold: 0.25000000000000006
