Accuracy: 0.6948837209302325
Precision: 0.6501792114695341
Recall: 0.8437209302325581
F1: 0.734412955465587
AUC: 0.7979508923742564
AP: 0.7984382162107535
Threshold: 0.3500000000000001
