Accuracy: 0.6375
Precision: 0.5846153846153846
Recall: 0.95
F1: 0.7238095238095238
F2: 0.8444444444444444
AUC: 0.8001489999999999
AP: 0.7742123580918774
Threshold: 0.25000000000000006
