Accuracy: 0.6352380952380953
Precision: 0.5816091954022988
Recall: 0.9638095238095238
F1: 0.7254480286738352
F2: 0.8518518518518519
AUC: 0.8144126984126984
AP: 0.8078536519655768
Threshold: 0.20000000000000004
