Accuracy: 0.5785714285714286
Precision: 0.5436739015352038
Recall: 0.9780952380952381
F1: 0.6988771691051378
F2: 0.843324026933815
AUC: 0.7790240362811791
AP: 0.7385448753301352
Threshold: 0.20000000000000004
