Accuracy: 0.5029325513196481
Precision: 0.5014720314033366
Recall: 0.9990224828934506
F1: 0.6677556354132637
AUC: 0.627248743226418
AP: 0.6164999605602184
Threshold: 0.15000000000000002
