Accuracy: 0.6730232558139535
Precision: 0.6504854368932039
Recall: 0.747906976744186
F1: 0.6958026828212894
AUC: 0.7272402379664684
AP: 0.6912942663550405
Threshold: 0.40000000000000013
