Accuracy: 0.5871428571428572
Precision: 0.5491143317230274
Recall: 0.9742857142857143
F1: 0.7023686920700309
F2: 0.8436417615042059
AUC: 0.7962639455782313
AP: 0.7797271908411332
Threshold: 0.15000000000000002
