Accuracy: 0.5288372093023256
Precision: 0.5151960784313725
Recall: 0.9776744186046512
F1: 0.6747993579454253
AUC: 0.6487234180638183
AP: 0.6450288771563404
Threshold: 0.25000000000000006
