Accuracy: 0.624
Precision: 0.5737217598097503
Recall: 0.965
F1: 0.7196122296793438
F2: 0.8491728264695529
AUC: 0.8278909999999999
AP: 0.8092164024143719
Threshold: 0.20000000000000004
