Accuracy: 0.624
Precision: 0.5738095238095238
Recall: 0.964
F1: 0.7194029850746269
F2: 0.8485915492957746
AUC: 0.829244
AP: 0.8206138493238719
Threshold: 0.20000000000000004
