Accuracy: 0.5025
Precision: 0.5012543903662819
Recall: 0.999
F1: 0.6675576344804544
F2: 0.8334723844485232
AUC: 0.6653990000000001
AP: 0.659326424731631
Threshold: 0.15000000000000002
