Accuracy: 0.7394916911045943
Precision: 0.7790432801822323
Recall: 0.6686217008797654
F1: 0.7196212519726459
AUC: 0.7297045757929308
AP: 0.6948367972677463
Threshold: 0.5000000000000001
