Accuracy: 0.5
Precision: 0.5
Recall: 1.0
F1: 0.6666666666666666
F2: 0.8333333333333334
AUC: 0.7205418536215837
AP: 0.6889638037185976
Threshold: 0.1
