Accuracy: 0.7209188660801564
Precision: 0.6701807228915663
Recall: 0.8699902248289345
F1: 0.7571246278179498
AUC: 0.8266813437563604
AP: 0.8235320238674972
Threshold: 0.3500000000000001
