Accuracy: 0.5
Precision: 0.5
Recall: 0.9990458015267175
F1: 0.6664544875875239
F2: 0.8328030544066178
AUC: 0.6615354218868364
AP: 0.650608722427175
Threshold: 0.1
