Accuracy: 0.6916279069767441
Precision: 0.6632329635499208
Recall: 0.7786046511627907
F1: 0.7163029525032092
AUC: 0.7715193077339102
AP: 0.7519756474414693
Threshold: 0.40000000000000013
