Accuracy: 0.5429389312977099
Precision: 0.5227043390514632
Recall: 0.9885496183206107
F1: 0.6838283828382838
F2: 0.8390022675736961
AUC: 0.7798669585105762
AP: 0.7297126829840994
Threshold: 0.15000000000000002
